A = [1:4; 5:8; 1 1 1 1];
x = A(:, 3);
y = A(3 : 3, 1 : 4);
B = A(1 : 3, 2 : 2);
A = [A; 2 1 7 7; 7 7 4 5];
A(1, 1) = 9 + A(2, 3);
C = A([1, 3], 2);
A(2 : 3, 1 : 3) = [0 0 0; 0 0 0];
D = A([2, 3, 5], [1, 3, 4]);
D(2, :) = [ ];